0
0
0
0
0
0
0
0
0
0
0
0
0
0
0
0
0
0
0
0
0
0
0
0
0
0
0
0
0
0
0
0
0
0
0
0
0
0
0
0
0
0
0
0
0
0
0
0
1
0
0
0
0
1
0
0
0
1
1
1
1
1
1
1
1
1
1
1
1
1
1
1
1
1
1
1
1
2
1
1
2
1
1
1
1
1
1
1
1
1
1
1
1
1
1
1
1
1
1
1
1
1
1
1
2
1
1
1
1
2
1
2
2
2
2
2
2
2
2
2
2
2
2
2
2
2
2
2
2
2
2
2
2
2
2
2
3
2
3
2
2
2
2
2
2
2
2
2
3
2
2
2
2
2
2
3
2
2
3
2
3
2
2
3
3
3
3
3
3
3
3
3
3
3
3
3
3
3
3
3
3
3
3
3
3
3
3
3
3
3
3
3
3
3
3
3
3
3
3
3
3
3
3
3
4
4
3
3
3
3
4
4
3
3
3
4
4
4
4
4
4
4
4
4
4
4
4
4
4
4
4
4
4
4
4
4
4
4
4
4
4
4
5
5
4
4
4
4
4
4
5
4
4
4
5
5
5
4
4
4
4
4
4
4
4
4
4
4
5
5
5
5
5
5
5
5
5
5
5
5
5
5
5
5
5
5
5
5
5
5
5
5
5
5
5
5
5
5
5
6
6
5
5
5
6
5
5
6
5
5
5
6
5
5
5
6
5
5
6
6
5
5
6
6
6
6
6
6
6
6
6
7
6
6
6
6
6
6
6
6
6
7
6
6
6
8
7
9
7
6
6
7
6
7
6
7
6
6
6
7
7
7
6
6
7
7
6
7
7
7
7
7
7
8
7
7
7
7
7
7
7
7
7
7
7
7
7
7
8
8
7
8
8
8
7
8
7
7
7
9
7
8
7
7
7
8
7
11
8
8
7
8
8
8
8
8
8
8
8
8
8
8
8
8
8
9
8
8
8
8
8
8
8
8
8
9
8
8
8
8
8
8
8
8
8
8
8
9
8
8
8
8
8
9
9
9
9
8
9
9
9
8
8
8
8
8
8
8
9
9
9
9
9
9
9
9
9
9
9
10
9
10
10
10
9
9
9
10
11
9
9
10
9
9
9
9
10
9
9
9
9
9
11
9
11
9
10
9
10
9
10
9
10
10
10
10
10
10
11
10
10
10
10
10
10
13
11
10
10
10
10
10
10
10
10
11
10
18
12
12
13
15
46
16
15
10
11
11
10
11
12
11
10
10
11
11
11
11
24
26
23
27
36
38
19
26
28
34
21
21
54
19
27
24
21
17
15
16
19
29
38
29
13
11
11
12
11
11
12
11
12
11
11
12
11
12
11
12
12
12
12
11
13
12
11
12
215
26
44
49
28
27
42
40
35
44
34
41
43
48
27
40
41
35
35
36
37
37
38
35
33
36
35
37
38
42
35
38
40
49
35
42
43
47
28
27
39
44
44
40
46
42
41
47
41
39
42
38
41
39
37
38
39
37
36
50
40
48
34
40
41
51
43
28
35
45
47
41
47
34
48
54
56
49
50
51
45
65
47
42
49
46
47
47
53
46
46
43
47
42
45
40
56
42
44
46
56
47
48
46
46
39
39
42
50
22
42
43
45
31
52
48
49
55
29
47
58
49
49
47
46
41
42
44
48
25
48
48
55
58
52
46
46
48
43
58
24
23
57
70
52
47
43
44
46
52
44
45
45
45
44
49
29
31
49
38
52
54
56
52
52
37
47
32
46
53
45
44
45
55
121
123
60
188
133
125
54
72
88
69
83
78
54
73
76
74
67
48
53
59
84
72
65
49
74
61
74
68
57
53
47
46
48
48
43
51
46
46
49
49
47
56
59
30
57
49
54
33
48
47
47
50
46
46
43
51
20
17
17
17
16
17
17
17
16
16
17
16
17
17
21
17
17
17
19
17
17
17
17
17
17
17
17
17
17
17
17
18
17
17
17
17
17
18
17
17
18
18
17
18
18
18
18
17
18
17
18
19
17
18
17
18
18
17
18
18
20
18
19
19
18
20
18
17
18
19
18
18
20
18
18
18
18
18
19
18
18
18
18
18
18
18
18
19
18
18
18
18
19
19
18
19
18
19
18
19
19
19
19
19
18
18
19
19
20
19
19
20
19
19
19
20
18
19
20
19
19
19
19
19
19
19
19
20
21
19
19
19
20
20
19
19
19
19
19
20
20
19
19
20
19
20
19
20
20
19
20
20
20
20
20
19
21
20
19
