0
0
0
0
0
0
0
0
0
0
0
0
0
0
0
0
0
0
0
0
0
0
0
0
0
0
0
0
0
0
0
0
0
0
0
0
0
0
0
0
0
0
0
0
0
0
0
0
0
0
0
0
0
0
0
0
0
0
0
1
1
1
1
1
1
1
1
1
1
1
1
1
1
1
1
2
1
1
1
1
1
1
1
1
1
1
1
1
1
1
1
1
1
1
1
1
1
1
2
1
1
1
1
2
1
1
1
1
1
1
2
1
1
1
1
2
1
2
2
2
2
2
2
2
2
2
2
2
2
2
2
2
2
2
2
2
2
2
2
2
3
2
2
2
2
3
2
2
2
2
2
2
2
2
2
2
2
2
2
2
2
2
2
3
2
2
2
2
2
3
3
2
3
3
3
3
3
3
3
3
3
3
3
3
3
3
3
4
3
3
3
3
3
3
3
3
3
3
4
3
3
4
3
3
3
4
3
4
3
3
3
3
3
4
3
4
4
3
3
3
3
3
3
3
5
5
4
4
4
4
4
4
4
4
4
4
4
4
4
4
4
4
4
4
4
4
4
4
4
4
4
4
4
4
4
4
4
4
4
4
4
4
4
4
4
5
6
8
4
4
4
5
4
4
4
5
5
4
4
4
5
4
5
6
5
5
5
5
5
5
5
5
5
5
5
5
5
5
5
5
5
6
5
5
5
5
5
5
5
5
5
5
5
5
5
6
5
5
6
5
6
6
5
5
6
6
5
6
5
5
6
5
6
5
6
6
6
6
6
6
6
6
7
7
6
6
6
6
6
6
6
6
6
7
6
6
6
6
6
6
6
6
6
6
6
6
6
7
6
6
6
6
6
6
6
6
6
6
7
7
6
7
6
7
6
7
6
7
7
7
7
7
7
7
7
7
7
7
7
7
7
7
7
7
7
7
8
7
7
7
7
7
7
7
7
7
7
7
7
7
7
7
7
7
7
8
7
7
7
7
7
7
7
8
9
8
8
8
8
8
8
8
8
8
8
8
7
8
7
8
8
8
8
8
8
8
8
8
8
8
8
8
8
8
8
8
8
9
8
8
8
10
8
9
10
8
8
8
8
9
8
8
9
9
9
9
8
8
8
8
9
9
9
9
9
8
9
9
8
10
9
10
9
9
9
9
9
9
9
9
9
9
9
9
9
9
9
9
9
9
9
9
9
9
9
10
10
10
9
10
10
13
9
9
9
10
10
10
9
10
10
10
9
9
10
10
10
9
10
10
9
10
10
10
10
11
10
10
10
11
10
10
10
10
10
10
10
11
10
11
10
10
10
10
10
10
10
10
10
13
11
10
12
10
10
11
11
12
11
11
11
11
10
11
10
11
11
11
11
11
12
11
11
11
11
11
11
11
11
11
11
11
11
11
11
11
11
11
11
11
11
11
11
11
11
11
12
12
11
12
12
12
11
11
12
12
11
11
11
12
12
11
11
11
12
12
11
12
12
11
12
12
13
12
12
14
14
12
12
12
12
12
12
13
12
12
12
12
12
13
12
13
12
12
13
12
13
12
12
12
13
12
12
12
12
12
12
12
12
12
13
13
13
12
13
14
13
13
21
12
13
13
12
13
13
13
13
13
13
13
14
13
13
13
13
13
13
13
13
13
13
13
13
13
13
13
13
13
13
13
13
13
14
13
16
14
15
13
13
13
13
13
14
14
14
14
13
13
14
14
14
14
14
14
14
15
14
14
14
14
15
14
14
14
14
14
14
14
14
14
15
15
14
14
18
15
14
14
14
19
15
15
14
15
14
14
15
15
15
15
15
16
18
15
15
15
17
29
25
15
15
15
15
15
15
16
15
15
15
16
15
16
16
16
16
15
15
15
15
16
15
15
16
15
15
15
16
16
15
15
17
16
23
20
20
15
16
16
16
16
16
16
16
16
16
16
16
16
16
15
16
16
16
16
17
16
16
16
19
18
16
17
16
16
17
17
17
16
17
19
16
17
16
17
17
16
16
17
16
17
17
17
16
18
16
17
16
16
17
16
16
17
17
17
18
17
19
17
17
17
17
17
17
17
17
16
17
19
17
17
17
25
26
29
17
18
17
17
17
17
20
20
18
21
20
20
20
18
17
17
18
17
18
17
20
18
18
17
17
17
17
18
18
18
18
18
18
17
17
18
19
17
18
18
18
18
18
18
18
19
19
18
18
24
18
18
18
20
19
18
18
19
19
18
18
25
18
18
18
18
22
18
20
18
18
18
20
19
18
19
19
19
19
19
21
