0
0
0
0
0
0
0
0
0
0
0
0
0
0
0
0
0
0
0
0
1
1
0
1
1
0
1
0
0
0
0
0
1
0
1
1
1
1
1
2
1
1
1
2
1
1
1
1
1
1
2
1
1
1
1
1
1
3
2
2
2
2
1
2
1
1
1
1
1
2
3
2
3
2
1
2
2
4
3
3
2
3
2
2
2
4
3
3
2
2
3
3
5
2
2
2
3
3
6
7
5
9
3
5
2
4
5
4
3
4
6
3
3
3
4
3
3
3
5
4
3
3
4
3
3
4
6
3
3
5
9
3
4
8
4
3
7
6
3
7
6
3
7
8
4
4
6
5
4
3
4
4
6
4
3
4
5
8
4
4
8
5
4
6
5
5
6
4
6
5
4
6
4
5
6
5
8
5
4
10
4
9
5
6
12
19
14
11
13
18
12
12
14
10
13
11
10
11
11
12
13
11
10
9
10
12
15
12
14
12
23
10
6
11
8
10
9
8
8
10
13
9
11
8
9
10
10
8
10
8
10
8
10
10
11
10
7
12
8
10
23
13
9
10
8
16
9
7
10
6
11
7
10
8
6
10
6
7
7
8
6
11
8
9
7
11
11
8
10
11
7
9
7
9
8
12
9
10
8
15
13
20
17
116
14
63
17
13
24
10
23
17
12
14
13
11
10
12
8
10
11
10
11
9
10
9
14
24
34
14
16
15
13
18
13
39
22
14
12
20
10
8
11
12
8
9
8
8
9
8
8
8
8
9
8
8
8
9
9
8
9
8
10
9
10
9
9
9
9
9
9
9
9
9
10
9
9
9
9
9
10
9
9
10
9
10
9
9
9
10
10
9
9
9
10
10
9
10
9
11
10
10
11
10
10
10
10
10
10
10
10
10
10
11
11
12
10
10
10
10
12
11
10
10
10
12
11
10
11
11
11
11
10
11
11
11
11
11
11
11
11
11
11
12
13
12
12
12
12
12
13
13
12
12
12
13
12
12
12
13
12
11
12
11
11
11
12
13
13
13
13
12
12
13
13
13
13
13
12
12
13
12
13
12
12
12
12
12
12
14
12
12
12
12
12
12
12
13
16
12
12
12
12
12
12
12
12
12
12
12
12
13
13
14
13
13
13
14
13
15
13
20
16
16
16
16
16
18
17
15
14
16
15
14
14
17
13
14
15
17
17
15
14
15
15
15
15
16
15
16
15
15
20
15
16
17
19
16
15
17
15
14
16
16
18
19
16
15
17
16
15
15
16
16
16
16
14
15
15
14
14
17
15
17
15
17
17
16
18
18
18
16
16
16
16
18
15
15
17
17
17
18
17
15
17
18
18
17
16
15
16
15
16
16
16
15
16
16
15
17
16
17
16
16
16
16
16
16
16
16
17
17
16
16
16
17
17
18
18
19
17
18
18
19
18
17
20
19
20
17
17
18
18
18
18
18
19
18
18
19
18
23
17
18
19
19
21
20
19
19
18
19
19
20
19
18
18
18
19
18
19
19
17
17
21
18
18
17
17
18
18
18
20
19
18
18
18
18
18
19
18
19
19
18
19
18
19
20
19
19
19
20
19
20
21
19
21
20
19
20
20
18
19
23
20
20
21
22
20
20
21
20
19
19
19
20
19
20
19
19
19
21
22
22
21
23
20
22
23
21
21
20
20
20
20
20
20
20
20
20
20
21
20
20
20
21
20
20
20
21
20
23
20
21
20
21
21
22
24
21
22
22
21
22
21
21
23
21
23
22
21
21
22
22
21
22
21
21
21
22
21
23
21
22
22
21
21
22
22
22
22
21
22
22
22
23
25
22
22
22
22
21
22
22
22
23
24
22
21
22
22
22
23
22
25
23
22
22
23
22
23
23
33
23
24
23
22
23
23
23
23
23
22
23
24
23
23
23
23
22
23
23
23
23
23
23
23
23
24
23
23
23
26
24
24
23
23
23
23
25
25
24
24
23
24
23
24
24
24
24
23
24
23
24
24
24
23
24
23
24
24
24
25
25
25
24
24
24
25
24
24
24
24
24
24
25
24
24
25
24
24
25
24
24
24
25
24
25
25
25
24
25
25
24
26
24
26
24
25
25
25
25
25
25
25
26
26
26
27
25
25
26
26
25
26
25
25
25
26
25
25
26
26
26
26
27
26
26
26
26
26
26
26
26
26
26
26
26
27
26
27
27
26
26
26
26
26
28
26
26
27
26
26
27
26
27
28
27
27
30
26
29
27
27
26
27
26
27
28
27
27
29
27
26
28
