0
0
0
0
0
0
0
0
0
0
0
0
0
0
0
0
0
0
0
0
0
0
0
0
0
0
0
0
0
0
0
0
0
0
0
0
0
0
0
0
0
0
0
0
0
0
0
0
0
0
0
0
0
0
0
0
0
0
0
0
0
0
0
1
0
0
0
1
1
1
1
1
1
1
1
1
1
1
1
1
1
1
1
1
1
1
1
1
1
1
1
1
1
1
1
1
1
1
1
1
1
1
1
1
1
1
1
1
1
1
1
1
1
1
1
1
1
2
1
1
2
2
1
1
1
1
1
2
2
2
2
2
2
2
2
2
2
2
2
2
2
2
2
2
2
2
2
2
2
2
2
2
2
2
3
2
3
2
2
3
2
2
2
2
2
2
2
3
2
3
2
2
2
2
3
2
2
2
2
2
2
2
2
2
2
2
3
3
3
3
3
3
3
3
3
3
3
3
3
3
3
3
3
3
3
3
3
3
3
3
3
3
3
3
3
4
3
3
3
3
3
3
3
3
3
3
3
3
3
3
3
4
3
3
3
3
3
3
3
4
4
4
4
4
4
4
4
4
4
4
4
4
5
4
5
4
4
4
4
4
4
4
4
4
4
4
4
4
5
4
4
4
4
4
5
4
4
4
4
4
4
5
4
4
5
5
4
5
5
4
5
4
5
4
4
5
5
5
5
5
5
5
5
5
5
5
5
5
5
5
5
5
5
5
5
5
5
5
5
5
5
5
5
5
5
5
5
5
6
5
5
5
5
5
5
5
5
5
6
5
6
5
5
10
6
7
5
6
6
6
6
6
6
6
6
6
6
6
6
6
7
6
7
6
6
6
6
6
6
6
6
6
6
6
6
7
6
6
6
6
6
8
7
6
6
6
6
6
7
7
6
7
6
6
7
8
7
6
6
7
6
7
6
7
6
7
7
7
7
7
7
7
7
7
7
7
7
7
7
7
7
9
7
8
7
7
7
7
7
7
9
7
7
7
7
7
7
7
7
8
8
8
7
7
8
7
8
8
8
7
7
7
8
8
7
8
8
9
8
8
8
8
8
9
8
8
8
8
8
8
10
8
8
8
8
8
9
8
8
9
8
8
8
8
8
8
9
8
10
8
8
8
9
8
8
9
8
9
9
8
9
9
9
9
9
9
9
9
9
9
9
9
9
9
9
9
9
9
9
9
9
9
9
9
9
9
9
10
10
9
9
9
9
9
9
9
9
9
9
10
9
10
9
9
9
9
9
9
10
10
9
10
10
10
10
10
13
10
11
10
12
10
10
10
10
10
10
10
10
10
10
10
10
10
10
10
10
10
10
10
10
10
11
10
10
10
10
12
10
11
10
10
10
10
10
10
12
11
11
10
10
10
11
11
11
11
10
11
11
11
11
11
11
11
10
11
11
11
13
11
12
11
11
11
11
11
11
11
11
11
18
11
11
11
11
12
12
11
12
11
12
12
11
11
13
12
12
16
11
11
11
12
11
11
12
12
11
13
13
12
11
14
12
12
12
12
12
12
12
12
12
12
12
13
13
13
13
12
12
12
13
12
12
12
13
12
12
12
13
12
12
12
12
12
12
13
13
13
12
13
13
12
12
13
13
13
13
13
13
12
13
13
12
13
13
13
13
17
13
13
13
14
13
13
13
14
13
13
13
13
13
14
13
13
13
14
13
13
14
13
15
13
13
14
13
15
13
14
14
13
13
14
14
14
14
14
13
14
13
13
14
14
14
14
14
15
14
14
14
14
15
14
14
14
14
15
14
14
15
14
15
15
14
14
16
14
14
14
14
14
14
15
14
14
15
14
14
14
15
15
15
14
14
15
14
14
14
15
14
14
15
15
15
14
15
15
15
15
15
15
15
15
15
15
15
15
17
15
16
15
15
16
15
16
15
15
15
16
15
16
16
15
15
16
15
16
16
15
15
16
15
16
16
16
16
16
16
16
16
17
16
17
16
16
16
16
16
17
16
16
16
16
16
16
16
16
16
16
17
16
17
16
16
16
16
17
16
16
17
17
16
16
17
17
16
16
17
16
16
16
16
16
17
20
16
17
17
16
16
16
17
17
16
16
17
19
18
21
17
17
18
17
17
17
17
17
17
18
17
18
20
17
18
17
17
17
17
20
20
18
17
18
17
17
19
29
31
38
28
32
23
21
18
19
19
19
18
20
17
18
18
18
18
18
17
18
18
18
19
19
22
19
19
20
18
18
18
18
19
18
18
19
19
20
18
18
18
18
19
18
19
18
19
22
19
