0
0
0
0
0
0
0
0
0
0
0
0
0
0
0
0
0
0
0
0
0
0
0
0
0
0
0
0
0
0
0
0
0
0
0
0
0
0
0
0
0
0
0
0
0
0
0
0
1
0
0
0
0
0
0
0
0
0
1
1
1
1
1
1
1
1
1
1
1
1
1
1
1
1
1
1
1
1
1
1
1
1
1
1
1
1
1
1
1
1
1
1
1
1
1
1
1
2
1
1
1
1
2
1
1
1
1
1
1
1
1
1
1
1
2
1
2
2
2
2
2
2
2
2
2
2
2
2
2
2
2
2
2
2
2
2
2
2
2
2
2
2
2
2
2
2
2
2
2
2
2
2
2
2
2
2
2
2
2
2
3
2
2
2
3
2
2
2
3
2
3
2
3
3
3
3
3
3
3
3
3
3
3
3
3
3
3
3
3
3
3
3
3
3
3
3
3
3
4
3
3
3
3
4
3
3
3
3
3
3
3
3
3
3
3
4
3
3
3
3
3
3
6
3
4
4
4
3
3
4
4
4
4
4
4
4
4
4
4
4
4
4
4
4
4
4
4
4
4
4
4
4
4
4
4
4
7
5
4
5
4
4
4
5
4
4
4
4
4
4
4
4
5
5
4
4
4
4
4
5
5
5
5
5
4
5
5
5
5
5
5
5
5
5
5
5
5
5
5
5
5
5
5
5
5
6
5
5
5
5
6
5
5
5
5
5
5
5
5
5
6
5
5
5
5
5
5
5
6
6
5
5
6
5
6
5
5
6
6
6
6
6
6
8
6
8
12
6
6
6
6
6
6
6
6
6
6
6
6
6
9
6
6
6
7
6
6
6
6
6
6
6
6
6
6
6
6
7
6
7
7
6
6
6
8
7
7
7
7
7
7
9
7
7
7
7
8
7
7
7
8
7
7
7
7
7
7
7
7
7
7
8
7
7
8
7
7
7
7
7
7
7
7
8
8
7
8
7
8
9
7
7
7
8
7
7
7
7
8
8
8
7
7
8
8
8
8
8
8
8
8
8
8
8
8
8
8
8
8
8
9
8
9
9
8
9
8
8
8
9
8
8
8
8
8
8
8
8
8
8
8
8
8
9
8
8
9
9
9
8
8
8
9
8
9
9
10
11
9
8
9
9
10
9
9
9
9
9
9
9
10
9
9
9
9
10
9
9
13
9
9
9
9
10
11
12
11
11
10
10
9
10
9
9
9
9
10
20
12
15
17
10
77
18
18
10
11
10
10
10
11
9
10
10
10
10
11
14
12
17
15
36
24
33
23
27
20
28
91
26
46
17
20
19
12
35
18
15
13
20
36
27
14
11
11
10
11
10
15
11
11
10
11
11
11
11
11
11
11
12
11
12
11
11
11
11
45
102
37
36
19
34
34
43
44
39
35
36
23
48
26
25
40
37
36
36
44
34
36
35
35
35
35
36
34
44
34
36
37
34
36
40
35
42
20
20
47
41
54
31
43
40
27
35
46
43
36
40
35
36
34
37
42
36
37
48
39
35
44
37
49
35
43
29
39
43
42
39
57
42
49
46
55
48
47
55
47
60
53
41
48
43
48
47
43
47
41
43
44
45
44
44
40
46
44
46
41
47
42
35
41
43
39
39
43
26
41
37
40
41
68
47
46
52
34
44
49
41
52
46
50
40
38
39
52
41
40
45
44
44
38
41
58
51
41
49
40
23
61
43
45
53
47
41
43
42
46
44
40
57
26
47
32
22
48
31
42
47
48
40
44
39
53
27
36
58
28
55
44
49
128
92
56
96
160
58
66
56
60
62
66
65
60
68
79
70
70
61
60
78
78
72
74
56
70
67
48
62
49
48
48
44
42
42
43
43
44
44
45
50
44
46
56
31
45
49
49
32
35
46
46
45
46
56
30
48
45
18
16
17
16
16
17
16
16
16
16
16
16
16
17
16
16
16
16
16
18
19
16
17
16
16
16
18
16
16
16
18
17
17
17
16
17
17
16
16
16
16
16
17
17
16
20
16
17
17
17
16
16
16
17
17
16
17
16
17
17
17
16
19
17
17
17
17
16
16
17
17
18
17
17
17
16
17
22
17
17
18
18
20
17
17
17
18
17
17
17
17
17
18
17
17
17
18
17
17
18
17
18
17
17
17
18
17
19
17
18
17
18
18
17
19
18
17
17
18
18
17
18
17
19
18
18
18
18
18
18
18
18
18
18
19
18
18
18
19
20
19
18
18
18
19
18
18
19
18
19
18
18
18
18
19
18
19
19
