0
0
0
0
0
0
0
0
0
0
0
0
0
0
0
0
0
0
0
0
0
0
0
0
0
0
0
0
0
0
0
0
0
0
0
0
0
0
0
0
0
0
0
0
0
0
0
0
0
0
0
0
0
0
0
0
0
1
0
1
1
1
1
1
1
1
1
1
1
1
1
1
1
1
1
1
1
1
1
1
1
1
1
1
1
1
1
1
1
1
1
1
1
2
1
1
1
1
1
1
1
1
1
2
1
1
1
1
1
1
1
1
1
1
1
3
1
2
2
2
2
2
2
2
2
2
2
2
2
2
2
2
2
2
2
2
2
2
2
2
2
2
2
2
2
2
2
3
2
2
2
3
2
2
2
3
2
2
2
2
2
3
2
2
2
2
3
2
2
3
3
3
3
3
3
3
4
3
3
3
3
3
3
3
3
3
3
5
3
3
3
3
3
3
3
3
3
3
3
3
3
3
3
3
3
4
3
3
3
3
3
3
3
4
3
3
3
3
4
3
3
4
4
4
3
3
3
3
4
4
5
4
4
4
4
4
4
4
4
4
4
4
4
4
4
4
4
4
4
4
4
4
5
4
4
4
4
4
4
4
4
4
4
4
4
4
4
4
5
4
4
4
4
4
5
5
5
5
4
4
4
5
5
5
5
5
5
5
5
5
5
5
5
5
5
5
6
5
5
5
5
5
5
5
5
5
5
5
5
5
5
5
5
5
5
5
5
6
5
6
6
5
6
5
5
6
6
5
6
6
5
6
5
5
6
5
6
6
6
6
6
6
6
6
6
7
6
6
6
6
6
6
6
6
6
6
7
7
6
8
6
6
6
6
6
7
6
6
6
6
6
6
7
6
6
7
7
7
7
6
7
6
6
7
6
7
7
7
7
7
7
7
7
7
7
7
7
7
9
7
7
7
7
8
7
7
7
7
7
7
7
9
8
8
7
7
8
7
7
7
7
7
8
7
7
7
8
7
7
8
7
7
8
8
8
7
8
7
9
8
8
8
7
7
8
8
8
8
8
8
8
8
8
8
8
8
9
9
8
8
8
8
8
8
8
8
8
8
8
8
8
8
8
8
8
8
8
9
9
8
8
9
9
10
9
9
9
8
8
8
8
8
8
9
9
9
9
9
8
9
9
9
9
9
9
9
9
9
9
9
9
9
9
10
9
9
10
9
9
10
9
9
9
10
10
9
10
10
9
9
9
9
10
9
9
9
10
9
9
10
10
9
10
10
10
12
9
10
10
9
10
10
10
10
10
10
10
10
15
10
10
11
13
17
10
10
16
11
10
11
10
10
10
10
10
11
10
17
10
11
10
10
11
11
15
11
11
11
11
11
11
11
11
11
12
11
14
10
11
11
11
11
11
11
11
11
11
22
19
11
11
11
11
11
11
11
13
11
11
11
11
11
11
11
11
11
11
11
11
11
20
11
13
12
12
11
12
11
11
14
11
11
11
14
11
12
12
12
12
12
11
12
12
12
12
12
12
12
12
12
12
12
12
13
16
15
12
12
12
12
12
12
14
18
13
12
13
12
13
13
13
12
13
13
13
18
16
12
13
12
13
13
13
13
12
13
12
14
13
13
13
13
12
13
13
13
13
13
13
13
13
13
13
13
13
13
13
13
13
13
14
13
14
13
13
13
14
13
13
14
13
13
13
13
13
14
15
14
13
13
14
13
14
13
14
14
15
14
14
15
14
13
14
14
14
14
15
14
14
14
15
14
14
14
14
15
14
14
14
14
14
14
14
14
14
15
15
15
15
14
14
14
15
14
14
14
15
14
14
15
14
15
18
15
15
15
15
15
16
15
15
15
16
15
15
15
16
15
15
16
15
16
15
15
17
16
15
15
15
15
16
15
15
16
15
15
15
16
15
16
16
16
16
15
15
15
15
16
15
16
18
15
15
15
16
17
17
17
17
17
16
16
16
16
16
16
16
17
16
17
16
16
17
16
17
16
17
16
16
17
16
16
16
16
16
16
16
17
16
17
16
17
16
17
16
16
16
16
16
16
17
17
16
17
17
17
16
17
17
17
23
17
17
16
17
17
17
18
17
17
17
17
17
18
17
18
17
17
17
17
17
17
17
18
17
17
17
18
18
17
17
19
17
17
18
18
18
18
18
17
17
17
18
18
17
18
17
18
19
18
18
18
19
18
18
18
18
18
18
18
18
18
18
18
18
18
18
18
18
18
18
20
18
18
18
18
19
19
18
19
18
18
18
18
19
19
20
18
19
19
19
19
20
18
18
