0
0
0
0
0
0
0
0
0
0
0
0
0
0
0
0
0
0
0
0
0
0
0
0
0
0
0
0
0
0
0
0
0
0
0
0
0
0
0
0
0
0
0
0
0
0
0
0
0
0
0
0
0
0
0
0
0
0
0
0
0
0
0
0
0
0
0
0
0
0
0
0
0
0
0
0
0
0
0
0
0
0
0
0
0
0
0
0
0
0
0
0
0
0
0
0
0
0
0
0
0
0
1
0
0
0
1
1
1
1
1
1
1
1
1
1
1
1
1
1
1
1
1
1
1
1
1
1
1
1
1
1
1
1
1
1
1
1
1
1
1
1
1
1
1
1
1
1
2
1
1
2
1
2
1
1
1
1
1
1
1
1
1
1
1
1
2
1
2
1
1
1
1
1
1
1
1
1
2
1
1
1
1
1
1
1
1
1
1
1
1
1
1
1
1
1
1
1
2
1
2
1
1
2
2
2
2
2
2
2
2
2
2
2
2
2
2
2
2
2
2
2
2
2
2
2
2
2
2
2
2
2
2
2
2
2
2
2
2
2
2
2
2
2
2
2
2
2
2
2
2
2
2
2
2
2
5
5
4
4
3
2
2
2
2
2
3
2
5
5
2
2
3
3
2
2
2
2
2
2
2
2
2
2
3
2
3
2
2
2
2
3
2
2
3
3
5
3
3
3
3
3
3
3
3
3
3
3
5
3
3
3
3
3
3
3
3
3
3
3
3
4
3
3
3
3
3
3
3
3
3
3
6
3
3
3
3
4
3
3
3
3
3
3
4
3
3
3
3
3
3
3
4
4
3
4
3
3
3
3
3
3
3
3
3
3
4
4
4
3
4
4
3
4
3
3
3
3
3
3
3
3
3
3
3
3
4
4
4
4
4
4
4
4
4
4
4
4
4
4
4
4
4
4
4
4
4
4
4
4
4
4
4
4
4
5
4
4
4
4
4
4
4
4
4
4
4
4
4
4
4
4
4
4
4
4
5
6
5
4
4
4
4
4
4
4
4
4
4
4
4
5
4
4
5
4
4
4
4
4
4
4
5
4
5
4
5
6
4
5
5
8
5
5
5
5
5
5
5
5
5
5
5
5
5
5
5
6
5
6
5
5
5
9
5
5
5
5
5
5
5
5
5
5
5
5
5
6
6
5
5
6
5
5
5
5
5
5
5
5
5
5
6
5
5
5
5
6
6
5
5
5
5
5
5
6
6
5
5
5
5
5
5
5
5
6
6
5
6
8
6
8
6
5
5
6
6
6
5
6
6
6
6
6
6
6
6
6
6
6
6
6
6
6
6
6
6
6
6
6
6
6
6
7
6
6
6
6
6
7
6
7
6
6
6
6
7
6
7
6
6
6
6
6
6
6
6
7
6
6
6
6
6
6
6
6
6
6
6
7
6
8
7
6
6
8
7
6
13
6
9
10
12
7
6
6
7
7
6
6
7
7
6
6
7
6
7
7
8
7
7
7
7
7
7
7
7
7
7
8
7
7
7
7
7
7
7
7
7
7
7
7
7
7
7
7
7
7
7
7
7
7
7
7
7
7
7
7
7
7
8
8
7
8
7
7
7
7
7
8
8
8
8
8
8
7
7
7
7
8
8
8
8
10
7
7
7
7
8
7
8
8
8
8
8
8
8
8
8
8
8
8
8
8
8
9
8
8
8
8
8
8
8
8
8
10
8
8
8
8
9
8
8
8
11
8
8
9
8
8
8
8
8
9
9
8
9
8
8
8
9
8
8
8
8
9
8
8
8
8
9
8
9
9
8
8
9
8
8
8
8
9
9
9
8
8
9
8
9
8
9
9
9
9
9
9
9
9
9
10
8
9
9
9
9
9
10
9
9
9
9
10
9
9
9
9
9
9
9
10
10
9
9
9
9
9
9
9
9
10
9
10
10
10
9
10
20
30
19
17
9
19
9
10
9
10
9
10
9
10
10
9
9
10
9
10
9
10
10
10
10
10
14
10
9
10
10
9
10
9
10
10
10
10
10
9
10
10
10
10
10
10
10
11
10
10
10
10
11
10
10
10
10
10
10
10
10
10
10
10
11
10
11
14
10
13
19
15
13
16
13
12
10
11
14
11
10
10
10
11
10
13
15
17
11
10
22
12
11
13
11
13
11
12
11
10
10
11
10
12
11
11
11
11
11
10
11
11
11
11
11
11
12
11
11
12
12
11
11
12
11
11
11
11
11
11
11
11
11
12
11
11
11
13
11
11
12
11
11
11
11
11
11
12
11
