0
0
0
0
0
0
0
0
0
0
0
0
0
0
0
0
0
0
0
0
0
0
0
0
0
0
0
0
0
0
0
0
0
0
0
0
0
0
0
0
0
0
0
0
0
0
0
0
0
0
0
0
0
0
0
0
0
0
0
0
0
0
0
1
1
1
1
1
1
1
1
1
1
1
1
1
1
1
1
1
1
1
1
1
1
1
1
1
1
1
1
1
1
2
1
1
1
1
1
1
1
1
2
1
1
1
2
1
1
1
1
1
1
1
2
1
1
2
2
1
1
1
2
2
2
2
2
2
2
2
2
2
2
2
2
2
2
2
2
2
2
2
2
3
2
3
2
2
2
2
2
2
2
2
2
2
2
2
2
2
2
2
2
2
3
2
2
2
2
2
2
2
2
2
2
2
3
3
2
3
3
3
3
3
3
3
3
3
3
3
3
3
3
3
3
3
3
3
3
3
3
3
3
3
3
3
3
3
3
3
3
3
4
3
3
3
3
4
3
3
3
3
3
3
3
4
3
3
3
4
4
4
4
4
4
4
4
4
4
4
4
4
4
4
4
4
4
4
4
4
5
4
6
4
4
4
4
8
7
8
6
5
4
4
4
4
5
4
5
5
5
5
4
8
4
4
5
4
4
4
4
4
4
4
4
4
5
5
5
5
5
5
5
5
5
5
5
5
5
5
5
5
5
6
5
5
5
5
5
6
5
5
5
5
6
5
5
5
5
5
6
5
5
5
5
5
5
5
5
5
5
6
7
6
6
6
6
7
8
5
6
6
6
6
6
6
7
6
6
6
6
6
6
6
6
6
6
6
6
7
6
7
6
6
6
6
6
6
6
7
6
6
6
6
6
6
6
6
6
7
6
6
6
6
7
6
6
6
6
6
6
6
6
6
7
7
7
6
6
7
7
7
7
7
7
7
7
7
7
8
7
7
7
7
7
7
7
7
7
8
7
8
7
7
7
7
7
8
7
7
7
7
8
8
8
8
8
8
8
8
8
8
8
8
8
8
8
8
8
9
8
8
8
11
8
8
9
8
8
8
8
8
8
8
9
8
8
8
9
8
8
9
8
8
8
9
8
8
8
8
8
9
9
8
9
9
8
8
9
9
9
9
9
9
12
9
9
9
9
9
9
9
9
9
10
9
9
9
9
9
9
9
9
10
10
9
9
9
9
9
9
9
9
9
9
9
9
9
9
9
9
9
10
9
10
9
13
9
9
11
10
10
9
10
10
10
10
10
10
10
12
18
11
10
10
11
10
11
10
10
10
10
10
10
10
10
10
10
10
10
10
10
10
10
10
10
10
10
10
11
10
10
11
10
11
10
10
11
11
11
11
13
12
14
11
11
11
11
11
11
11
11
11
11
11
12
11
11
11
12
11
11
11
11
11
11
11
11
11
11
11
11
11
11
12
11
12
11
15
12
19
13
13
14
12
13
11
11
12
11
11
11
11
11
11
12
11
12
12
12
12
12
12
13
12
12
12
12
12
12
12
12
12
12
13
12
13
13
12
12
12
13
12
12
12
12
12
12
12
12
13
13
12
12
12
13
13
12
12
12
13
12
12
13
13
12
13
13
12
12
13
13
13
13
13
14
12
14
13
13
13
13
13
13
13
13
13
13
13
13
13
13
14
14
13
13
13
14
13
13
13
13
14
13
13
14
13
14
13
14
13
13
13
14
14
13
13
14
13
14
14
14
13
14
14
14
14
14
13
14
14
14
15
14
14
15
14
14
14
15
15
14
14
14
14
14
15
14
14
15
15
14
14
14
14
14
14
14
14
15
15
15
15
15
15
15
16
15
14
15
15
15
15
14
15
15
14
15
15
15
15
15
16
14
15
15
15
16
17
15
17
16
16
15
16
17
15
16
15
17
16
17
16
16
16
17
15
17
16
16
16
16
17
18
17
22
21
29
26
19
17
16
17
16
16
17
16
18
17
16
17
16
19
16
17
18
17
16
17
19
17
17
17
17
18
17
18
17
17
17
17
17
17
17
17
17
17
17
17
17
17
17
17
19
17
18
18
17
17
18
22
17
17
23
17
17
17
17
17
19
18
20
28
18
19
18
20
31
26
21
26
27
19
18
26
18
18
18
18
18
19
19
19
22
20
19
30
19
22
18
18
18
22
23
19
19
18
19
19
20
20
19
19
19
18
18
21
18
19
19
19
18
20
19
20
19
23
20
19
19
19
22
19
20
20
19
19
19
19
20
19
19
19
20
21
19
19
20
21
19
19
22
20
19
20
