0
0
0
0
0
0
0
0
0
0
0
0
0
0
0
0
0
0
0
0
0
0
0
0
0
0
0
0
0
0
0
0
0
0
0
0
0
1
0
0
0
1
1
1
1
1
1
1
1
1
1
1
1
1
1
1
1
1
1
1
1
1
1
1
1
1
1
1
1
1
1
1
1
1
1
1
1
1
1
1
1
4
2
2
2
2
2
2
2
2
2
2
2
2
2
2
2
2
2
2
2
2
2
2
3
2
2
2
2
2
2
2
3
2
2
2
2
2
2
2
3
2
2
3
3
3
3
3
3
3
3
3
3
3
3
3
3
3
3
3
3
3
4
3
3
4
3
4
3
4
3
3
3
3
4
3
4
4
3
3
3
4
4
4
4
4
4
4
4
4
4
4
4
4
4
4
4
4
4
4
4
4
4
4
5
4
4
4
4
4
4
4
4
5
4
4
5
5
4
5
5
5
5
5
5
5
5
5
5
5
5
5
5
6
5
6
5
5
5
5
5
5
6
5
5
5
5
5
5
5
5
6
6
5
5
5
5
5
5
6
6
6
6
6
6
6
6
6
6
6
6
6
6
6
6
6
6
6
6
6
6
6
6
7
6
6
7
7
7
6
6
6
6
7
7
7
7
7
7
7
7
7
8
7
7
7
7
7
7
8
7
7
7
7
7
8
7
7
7
7
8
7
8
8
9
7
8
8
8
7
8
8
8
8
8
8
8
8
8
8
8
8
8
8
8
8
8
8
8
8
8
8
8
8
11
9
8
8
9
10
8
9
8
11
8
13
11
10
11
9
9
9
9
9
9
9
10
9
9
9
9
9
9
9
9
9
9
9
9
10
9
9
10
9
10
10
10
9
10
10
10
10
9
10
10
11
10
10
11
11
10
12
10
11
10
10
10
10
10
10
10
10
11
10
11
10
10
11
11
10
11
11
12
10
11
11
11
11
10
11
11
11
12
11
11
11
11
11
11
11
11
11
12
11
11
11
11
11
11
11
12
11
11
11
12
12
12
12
11
11
11
12
11
12
12
12
12
11
12
13
13
12
12
13
13
12
12
12
12
12
12
12
12
12
12
12
13
12
12
12
13
12
12
13
13
12
12
13
13
13
13
13
13
13
13
14
13
14
13
13
14
13
13
13
15
13
13
14
13
13
14
14
13
13
13
13
13
14
38
16
14
14
14
14
14
14
15
15
15
14
14
14
14
14
14
15
16
18
31
19
22
27
51
44
22
16
15
15
15
14
14
14
15
15
15
16
15
18
17
34
32
39
36
39
46
25
47
31
118
50
30
40
30
25
28
26
25
28
28
22
30
48
23
16
18
16
21
15
22
15
15
16
15
16
16
16
17
16
16
17
16
16
20
18
16
17
284
50
55
42
48
54
57
63
29
57
52
52
31
39
43
32
52
50
43
44
45
46
42
44
45
52
42
44
45
43
44
44
44
46
48
46
46
58
34
28
73
65
49
54
46
50
50
49
52
54
47
57
44
47
44
49
55
46
45
45
47
46
54
47
56
43
59
62
58
55
56
52
59
53
36
65
51
57
61
61
56
55
63
55
69
57
54
58
53
53
53
57
65
57
59
55
45
68
54
60
53
59
56
51
59
52
49
49
55
42
44
47
48
73
58
56
54
62
53
69
83
51
61
57
47
50
50
53
61
56
39
58
54
56
42
60
54
70
51
59
55
33
71
55
67
53
62
52
50
53
54
54
50
50
44
62
57
35
56
57
62
60
55
59
83
61
71
53
39
62
53
58
53
60
72
117
151
134
177
110
107
86
78
94
76
82
100
89
79
78
86
85
91
91
89
101
77
94
72
193
72
70
62
64
60
55
54
56
53
67
58
56
55
57
58
55
66
48
53
81
59
80
45
58
56
57
56
57
55
58
59
23
22
22
23
23
22
23
23
23
24
24
23
23
24
24
23
23
23
23
23
23
24
24
24
27
24
25
24
23
24
23
24
23
24
26
23
23
23
24
25
24
25
24
25
24
25
24
24
29
24
24
25
24
24
24
24
24
24
25
24
25
24
24
25
24
25
24
25
24
25
24
24
25
24
25
25
26
25
25
26
26
25
26
25
25
26
25
25
25
25
26
26
27
26
26
26
26
26
26
25
25
26
32
26
26
25
26
26
27
26
25
26
26
26
26
27
27
26
26
27
26
27
26
27
26
28
27
26
29
26
26
26
26
26
27
27
27
27
27
28
27
27
27
27
26
27
28
27
27
27
27
27
27
27
28
30
29
28
