0.0276964
-0.0209143
-0.157908
-0.087754
0.00454847
0.00152143
0.0057432
-0.00471071
0.0229539
-0.0272548
-0.00661701
0.0276964
-0.00736703
0.0542113
0.00441806
-0.00940121
-0.0227147
-0.0491763
0.000987245
-0.0087616
-0.0233207
-0.0190799
0.000544498
0.0637354
-0.0124777
-0.0417474
0.00320553
0.0319856
0.0490713
-0.00226908
-0.0566479
-0.00782678
0.0113922
-0.00392982
-0.0121018
0.00670543
-0.0222571
-0.0360724
0.012426
0.00636723
-0.000357515
-0.013835
0.0429016
-0.0209143
-0.0202544
-0.00112585
0.0180164
0.00503889
-0.0130478
-0.00115383
0.0230484
0.00604947
-0.00359322
0.00795974
-0.00530863
0.0301622
-0.0172814
-0.0188747
-0.027095
0.00996008
0.00928572
-0.0209143
-0.0232588
-0.000300881
-0.0280317
-0.000336743
-0.0031442
-0.0087616
0.0100198
0.0122421
-0.00471071
-0.0310187
-0.0059675
0.0120241
-0.000867278
-0.0193629
-0.0131315
-0.000261028
0.0127775
-0.0179682
-0.0101254
0.00470811
-0.00802239
0.00666294
0.0124551
-0.02274
0.0450654
0.0218988
0.0107213
0.0207209
0.00441502
-0.00940121
0.00745075
0.0214375
0.00953191
0.0105397
0.000813996
-0.00891163
0.00829174
0.000842929
-5.33996e-05
0.00463996
-0.0114965
0.0222324
-0.0251129
-0.00317045
-0.00361216
0.0148182
0.00954603
-0.00542295
-0.00547531
-0.00272898
-0.0104296
0.00107219
0.0111807
0.0082859
-0.00878252
0.0121012
-0.0106328
0.00371732
-0.0174363
-0.0108071
0.000964514
-0.00749899
0.0192424
0.0172909
0.014446
0.00660121
0.0228429
-0.0159479
-0.00366532
0.00783717
0.0104878
-0.0185786
0.00306507
0.00856854
0.0102794
-0.00858445
0.00476286
0.00394981
0.0123019
0.00607636
-0.010317
-0.0134461
0.0198756
-0.0132812
-0.00222809
0.0329802
0.00303026
0.00176203
0.00931368
-0.0203999
-0.00296473
-0.0125375
0.0106732
-0.00700761
0.00640979
0.002216
0.00458944
0.00558954
0.00184354
0.00526071
0.0167875
0.0237647
0.00413118
0.0103943
0.00254287
0.0117642
0.0050384
-0.00505547
0.00587587
-0.0118282
-0.00233946
0.00715194
0.00113076
-0.00493268
-0.0100445
-0.0102704
-0.00492894
-0.00366182
0.00298643
0.0149267
0.0103011
0.00275425
0.00668984
0.00480844
0.0043048
-0.00523006
0.0200509
0.00724498
0.0105217
-0.000371682
0.0105992
0.00947999
-0.00514459
-0.00647052
0.0151102
-0.00296875
-0.00251971
0.00641704
