-0.0195172
0.00339948
-0.0149717
0.0179828
0.0167923
-0.0132672
0.000240879
-0.0056283
-0.0137245
0.00358064
0.00621811
-0.00188326
-0.00455817
0.00093736
-0.00420028
0.00515387
-0.00516533
-0.00803463
0.0104279
-0.0025901
-0.00998748
0.000883757
-0.00296313
0.00225006
-0.00939322
-0.00850528
0.00758205
0.000243844
-0.000988817
-0.00042472
0.000598708
-0.00196911
-0.000340167
-0.00355333
-0.00292362
0.000511223
0.00258226
-0.00117041
-0.00217425
-0.00070341
-0.00421868
-3.90306e-05
-0.000737565
0.000505962
-0.00373664
-0.000490637
-0.00074013
-0.000767186
0.00470481
-0.00422247
-0.000493282
0.00323672
0.00136404
0.00289823
-0.0057718
-0.00298639
-0.000744944
0.00093736
-0.00680241
0.00324464
-0.00510689
-0.000562938
-0.000907861
0.00643218
-0.000241485
0.00241533
0.000120276
-0.000915995
0.000827389
0.00371258
-0.00260123
-0.000942748
-0.000576743
0.000462322
0.00288847
-0.000534473
-0.000947632
7.4783e-05
-0.00209391
0.0007164
0.00152396
0.00203454
-0.00333714
0.00265829
-6.94424e-05
-0.0015301
0.00165451
-0.00162728
-0.00154666
0.00750075
0.00359811
-0.000136703
-0.00210938
-0.00202792
-0.00311591
0.00112357
0.00148074
0.00201059
-0.00156912
-0.00212807
0.000692395
-0.00052015
-0.00146435
3.22327e-05
0.00497898
-0.00706471
0.00522387
0.00289419
0.00303365
0.00152219
0.0032369
0.00453857
0.00225198
-0.001761
-0.00185081
-0.000767186
-0.000369165
-0.00236702
-0.00312548
0.00239976
0.00130228
-0.00435629
-0.00313012
0.00038947
0.0034498
-0.00126639
0.00191705
-0.00145508
-0.00190798
-0.000747836
-0.00342656
-0.00090057
0.00077404
-0.00149917
0.000154945
-0.00202458
0.00113259
-0.00217025
0.00213621
-0.00112638
0.00189865
-0.00423744
0.000507427
0.0013627
0.00529211
0.000593007
0.00173794
0.00157656
-0.000994919
-0.00304601
-0.00139135
-0.000469567
-0.00181022
-9.81258e-05
0.00133236
-0.00281293
0.00204171
0.00268383
0.00505614
-0.000720075
0.00242414
0.000380457
0.000658523
-0.00134929
-0.000241912
-0.00396029
0.00106043
0.00138592
0.00240612
-8.75169e-05
0.00410209
0.000138188
0.00141777
-0.000175385
-0.00189376
0.00130188
0.000715504
0.00228022
0.0022561
-1.38377e-05
-0.00271641
-0.000670608
0.00135274
0.00319024
0.00295838
0.000731194
0.000246509
0.00217085
-0.000295613
-0.000872894
-0.00279794
-0.00108099
0.00112537
-0.00233292
-5.27163e-05
0.00278046
0.000220327
0.000525918
0.0012699
0.00166755
