0.925
0.947917
0.929545
0.9625
0.96131
0.93125
0.944758
0.938889
0.930793
0.948098
0.950735
0.942634
0.939959
0.945455
0.940317
0.949671
0.939352
0.936483
0.954945
0.941927
0.93453
0.945401
0.941554
0.946767
0.935124
0.936012
0.952099
0.944761
0.943528
0.944092
0.945116
0.942548
0.944177
0.940964
0.941594
0.945028
0.947099
0.943347
0.942343
0.943814
0.940299
0.944478
0.94378
0.945023
0.940781
0.944027
0.943777
0.94375
0.949222
0.940295
0.944024
0.947754
0.945881
0.947415
0.938745
0.941531
0.943772
0.945455
0.937715
0.947762
0.93941
0.943954
0.943609
0.950949
0.944276
0.946933
0.944637
0.943601
0.945345
0.94823
0.941916
0.943574
0.94394
0.94498
0.947406
0.943983
0.94357
0.944592
0.942423
0.945234
0.946041
0.946552
0.94118
0.947175
0.944448
0.942987
0.946172
0.94289
0.942971
0.952018
0.948115
0.94438
0.942408
0.942489
0.941401
0.945641
0.945998
0.946528
0.942948
0.942389
0.94521
0.943997
0.943053
0.944549
0.949496
0.937452
0.949741
0.947411
0.947551
0.946039
0.947754
0.949056
0.946769
0.942756
0.942666
0.94375
0.944148
0.94215
0.941392
0.946917
0.945819
0.940161
0.941387
0.944907
0.947967
0.943251
0.946434
0.943062
0.942609
0.943769
0.941091
0.943617
0.945291
0.943018
0.944672
0.942493
0.94565
0.942347
0.946653
0.943391
0.946416
0.94028
0.945025
0.94588
0.949809
0.94511
0.946255
0.946094
0.943522
0.941471
0.943126
0.944048
0.942707
0.944419
0.94585
0.941704
0.946559
0.947201
0.949573
0.943797
0.946941
0.944898
0.945176
0.943168
0.944275
0.940557
0.945578
0.945903
0.946923
0.94443
0.948619
0.944655
0.945935
0.944342
0.942623
0.945819
0.945233
0.946797
0.946773
0.944503
0.941801
0.943847
0.94587
0.947707
0.947476
0.945248
0.944764
0.946688
0.944222
0.943644
0.941719
0.943436
0.945643
0.942184
0.944464
0.947298
0.944738
0.945043
0.945787
0.946185
