0.972214
0.923603
0.786609
0.856763
0.949066
0.946039
0.95026
0.939806
0.967471
0.917262
0.9379
0.972214
0.93715
0.998729
0.948935
0.935116
0.921803
0.895341
0.945504
0.935756
0.921196
0.925437
0.945062
1.00825
0.932039
0.90277
0.947723
0.976503
0.993589
0.942248
0.887869
0.93669
0.955909
0.940587
0.932415
0.951223
0.92226
0.908445
0.956943
0.950884
0.94416
0.930682
0.987419
0.923603
0.924263
0.943391
0.962534
0.949556
0.931469
0.943363
0.967566
0.950567
0.940924
0.952477
0.939209
0.974679
0.927236
0.925643
0.917422
0.954477
0.953803
0.923603
0.921258
0.944216
0.916485
0.94418
0.941373
0.935756
0.954537
0.956759
0.939806
0.913498
0.93855
0.956541
0.94365
0.925154
0.931386
0.944256
0.957295
0.926549
0.934392
0.949225
0.936495
0.95118
0.956972
0.921777
0.989583
0.966416
0.955238
0.965238
0.948932
0.935116
0.951968
0.965955
0.954049
0.955057
0.945331
0.935606
0.952809
0.94536
0.944464
0.949157
0.933021
0.96675
0.919404
0.941347
0.940905
0.959335
0.954063
0.939094
0.939042
0.941788
0.934088
0.945589
0.955698
0.952803
0.935735
0.956618
0.933884
0.948235
0.927081
0.93371
0.945482
0.937018
0.96376
0.961808
0.958963
0.951118
0.96736
0.928569
0.940852
0.952354
0.955005
0.925939
0.947582
0.953086
0.954797
0.935933
0.94928
0.948467
0.956819
0.950594
0.9342
0.931071
0.964393
0.931236
0.942289
0.977497
0.947547
0.946279
0.953831
0.924117
0.941552
0.93198
0.95519
0.93751
0.950927
0.946733
0.949107
0.950107
0.946361
0.949778
0.961305
0.968282
0.948648
0.954911
0.94706
0.956281
0.949556
0.939462
0.950393
0.932689
0.942178
0.951669
0.945648
0.939585
0.934473
0.934247
0.939588
0.940855
0.947504
0.959444
0.954818
0.947271
0.951207
0.949326
0.948822
0.939287
0.964568
0.951762
0.955039
0.944146
0.955116
0.953997
0.939373
0.938047
0.959627
0.941548
0.941997
0.950934
