0.0206637
0.00359917
0.0158512
0.0190392
0.0177788
0.0140465
0.000255028
0.00595891
0.0145307
0.00379097
0.00658337
0.00199388
0.00482593
0.000992422
0.00444702
0.00545662
0.00546876
0.0085066
0.0110404
0.00274225
0.0105742
0.000935671
0.00313719
0.00238223
0.009945
0.0090049
0.00802744
0.000258167
0.0010469
0.000449669
0.000633877
0.00208478
0.000360149
0.00376206
0.00309536
0.000541253
0.00273395
0.00123916
0.00230197
0.00074473
0.00446649
4.13233e-05
0.000780891
0.000535683
0.00395614
0.000519458
0.000783606
0.000812252
0.00498118
0.00447051
0.000522258
0.00342685
0.00144417
0.00306848
0.00611085
0.00316182
0.000788703
0.000992422
0.007202
0.00343523
0.00540688
0.000596006
0.000961191
0.00681002
0.00025567
0.00255721
0.000127342
0.000969803
0.000875991
0.00393067
0.00275403
0.000998127
0.000610622
0.00048948
0.00305815
0.000565869
0.0010033
7.91759e-05
0.00221691
0.000758483
0.00161348
0.00215405
0.00353317
0.00281445
7.35216e-05
0.00161998
0.0017517
0.00172287
0.00163752
0.00794136
0.00380947
0.000144734
0.00223329
0.00214704
0.00329895
0.00118957
0.00156772
0.0021287
0.00166129
0.00225308
0.000733068
0.000550705
0.00155037
3.41261e-05
0.00527145
0.00747971
0.00553073
0.00306421
0.00321185
0.00161161
0.00342704
0.00480517
0.00238426
0.00186445
0.00195953
0.000812252
0.000390851
0.00250606
0.00330907
0.00254073
0.00137878
0.00461219
0.00331398
0.000412348
0.00365245
0.00134078
0.00202966
0.00154055
0.00202006
0.000791765
0.00362784
0.000953471
0.000819508
0.00158723
0.000164047
0.00214351
0.00119912
0.00229773
0.0022617
0.00119255
0.00201018
0.00448636
0.000537235
0.00144275
0.00560298
0.000627841
0.00184003
0.00166917
0.00105336
0.00322493
0.00147308
0.00049715
0.00191656
0.00010389
0.00141063
0.00297817
0.00216165
0.00284149
0.00535315
0.000762374
0.00256654
0.000402806
0.000697206
0.00142855
0.000256122
0.00419292
0.00112272
0.00146734
0.00254746
9.26578e-05
0.00434305
0.000146305
0.00150106
0.000185687
0.00200501
0.00137835
0.000757534
0.00241416
0.00238863
1.46505e-05
0.00287598
0.00071
0.0014322
0.00337764
0.00313217
0.000774146
0.000260989
0.00229837
0.000312978
0.00092417
0.0029623
0.00114449
0.00119148
0.00246996
5.58129e-05
0.00294379
0.000233269
0.000556811
0.00134449
0.00176551
