0.0293234
0.0221428
0.167184
0.0929088
0.00481565
0.0016108
0.00608057
0.00498743
0.0243023
0.0288558
0.00700571
0.0293234
0.00779979
0.0573958
0.00467758
0.00995346
0.024049
0.052065
0.00104524
0.00927627
0.0246906
0.0202007
0.000576483
0.0674793
0.0132107
0.0441997
0.00339383
0.0338645
0.0519539
0.00240237
0.0599756
0.00828654
0.0120614
0.00416066
0.0128127
0.00709932
0.0235645
0.0381914
0.013156
0.00674126
0.000378516
0.0146477
0.0454218
0.0221428
0.0214442
0.00119199
0.0190747
0.00533488
0.0138143
0.00122161
0.0244023
0.00640482
0.0038043
0.00842731
0.00562047
0.031934
0.0182966
0.0199834
0.0286866
0.0105452
0.00983118
0.0221428
0.0246251
0.000318555
0.0296784
0.000356524
0.0033289
0.00927627
0.0106084
0.0129613
0.00498743
0.0328408
0.00631804
0.0127304
0.000918224
0.0205003
0.0139028
0.000276361
0.0135281
0.0190237
0.0107202
0.00498467
0.00849364
0.00705434
0.0131867
0.0240758
0.0477127
0.0231852
0.011351
0.0219381
0.00467437
0.00995346
0.00788842
0.0226968
0.0100918
0.0111588
0.000861812
0.00943512
0.00877881
0.000892445
5.65364e-05
0.00491252
0.0121719
0.0235384
0.0265881
0.00335669
0.00382435
0.0156887
0.0101068
0.00574151
0.00579694
0.00288929
0.0110423
0.00113517
0.0118375
0.00877263
0.00929842
0.012812
0.0112574
0.00393568
0.0184605
0.0114419
0.00102117
0.00793949
0.0203727
0.0183066
0.0152945
0.00698898
0.0241848
0.0168847
0.00388063
0.00829754
0.0111039
0.01967
0.00324511
0.00907187
0.0108832
0.00908872
0.00504264
0.00418183
0.0130245
0.0064333
0.010923
0.014236
0.0210431
0.0140614
0.00235897
0.0349175
0.00320827
0.00186553
0.00986078
0.0215982
0.00313888
0.013274
0.0113002
0.00741925
0.00678631
0.00234617
0.00485903
0.00591788
0.00195183
0.00556974
0.0177736
0.0251606
0.00437386
0.0110049
0.00269224
0.0124553
0.00533437
0.00535243
0.00622103
0.012523
0.00247688
0.00757206
0.00119718
0.00522243
0.0106345
0.0108737
0.00521848
0.00387692
0.00316186
0.0158035
0.0109063
0.00291604
0.00708281
0.0050909
0.00455768
0.00553728
0.0212288
0.00767057
0.0111397
0.000393515
0.0112218
0.0100369
0.00544679
0.00685061
0.0159978
0.00314314
0.00266773
0.00679399
